{
  "nbformat": 4,
  "nbformat_minor": 0,
  "metadata": {
    "colab": {
      "provenance": []
    },
    "kernelspec": {
      "name": "python3",
      "display_name": "Python 3"
    },
    "language_info": {
      "name": "python"
    }
  },
  "cells": [
    {
      "cell_type": "code",
      "source": [
        "from google.colab import drive\n",
        "drive.mount(\"/content/My_Drive\")"
      ],
      "metadata": {
        "colab": {
          "base_uri": "https://localhost:8080/"
        },
        "id": "68RtM570It3G",
        "outputId": "85dab451-726c-4dd6-98e4-c11342e209d4"
      },
      "execution_count": 1,
      "outputs": [
        {
          "output_type": "stream",
          "name": "stdout",
          "text": [
            "Drive already mounted at /content/My_Drive; to attempt to forcibly remount, call drive.mount(\"/content/My_Drive\", force_remount=True).\n"
          ]
        }
      ]
    },
    {
      "cell_type": "code",
      "source": [
        "import numpy\n",
        "from numpy import *\n",
        "import matplotlib.pyplot as plt"
      ],
      "metadata": {
        "id": "Wm0BTnhlI93J"
      },
      "execution_count": 2,
      "outputs": []
    },
    {
      "cell_type": "markdown",
      "source": [
        "## Question 2 "
      ],
      "metadata": {
        "id": "rJcyZRSQIdea"
      }
    },
    {
      "cell_type": "markdown",
      "source": [
        "P3:\n",
        "a)"
      ],
      "metadata": {
        "id": "zmcNrw37Iiba"
      }
    },
    {
      "cell_type": "code",
      "execution_count": 39,
      "metadata": {
        "id": "UrnqUM1AIXwK",
        "colab": {
          "base_uri": "https://localhost:8080/"
        },
        "outputId": "46f2e795-a19f-4592-f534-8d9bb0eb9189"
      },
      "outputs": [
        {
          "output_type": "stream",
          "name": "stdout",
          "text": [
            "N= 60000 d= 10\n"
          ]
        }
      ],
      "source": [
        "train_data=genfromtxt(\"/content/My_Drive/MyDrive/Data/PRNN/Assignment 1/p3_train.csv\",delimiter=\",\")\n",
        "test_data=genfromtxt(\"/content/My_Drive/MyDrive/Data/PRNN/Assignment 1/p3_test.csv\",delimiter=\",\")\n",
        "\n",
        "x_train,y_train=train_data[0:60000,0:10],train_data[0:60000,10]\n",
        "x_test,y_test=test_data[:,0:10],test_data[:,10]\n",
        "\n",
        "#y_train=reshape(y_train,[len(x_train[:,0]),1])\n",
        "#y_train.shape\n",
        "\n",
        "N,d=x_train.shape\n",
        "S,d=x_test.shape\n",
        "\n",
        "labels=[1,2,3,4,5]\n",
        "k=len(labels)\n",
        "print(\"N=\",N,\"d=\",d)\n",
        "#with Normal Class Conditional Densities:\n",
        "#y_train"
      ]
    },
    {
      "cell_type": "code",
      "source": [
        "#Required Order Statistics!!!\n",
        "\n",
        "temp=[]\n",
        "\n",
        "for i in labels:\n",
        "  for j in range(N):\n",
        "    if y_train[j]==i:\n",
        "      temp.append(i)\n",
        "\n",
        "c1,c2,c3,c4,c5=0,0,0,0,0\n",
        "\n",
        "for i in temp:\n",
        "  if i==1:\n",
        "   c1=c1+1\n",
        "  elif i==2:\n",
        "    c2=c2+1\n",
        "  elif i==3:\n",
        "    c3=c3+1\n",
        "  elif i==4:\n",
        "    c4=c4+1\n",
        "  elif i==5:\n",
        "    c5=c5+1\n",
        "\n",
        "#Class Priors\n",
        "\n",
        "Py1,Py2,Py3,Py4,Py5=c1/N,c2/N,c3/N,c4/N,c5/N\n",
        "\n",
        "print(\"Py1=\",Py1,\"Py2=\",Py2,\"Py3=\",Py3,\"Py4=\",Py4,\"Py5=\",Py5)\n",
        "\n",
        "Py=[Py1,Py2,Py3,Py4,Py5]\n",
        "\n",
        "#sample means:\n",
        "sample_means=[]\n",
        "sum1,sum2,sum3,sum4,sum5=0,0,0,0,0\n",
        "\n",
        "for i in range(N):\n",
        "\n",
        "  if y_train[i]==1:\n",
        "    sum1=sum1+x_train[i,:]\n",
        "  elif y_train[i]==2:\n",
        "    sum2=sum2+x_train[i,:]\n",
        "  elif y_train[i]==3:\n",
        "    sum3=sum3+x_train[i,:]\n",
        "  elif y_train[i]==4:\n",
        "    sum4=sum4+x_train[i,:]\n",
        "  elif y_train[i]==5:\n",
        "    sum5=sum5+x_train[i,:]\n",
        "\n",
        "sample_mean1,sample_mean2,sample_mean3,sample_mean4,sample_mean5=sum1/c1,sum2/c2,sum3/c3,sum4/c4,sum5/c5\n",
        "sample_mean1,sample_mean2,sample_mean3,sample_mean4,sample_mean5=reshape(sample_mean1,[d,1]),reshape(sample_mean2,[d,1]),reshape(sample_mean3,[d,1]),reshape(sample_mean4,[d,1]),reshape(sample_mean5,[d,1])\n",
        "print(\"sample_mean1=\",sample_mean1,\"sample_mean2=\",sample_mean2,\"sample_mean3=\",sample_mean3,\n",
        "      \"sample_mean4=\",sample_mean4,\"sample_mean5=\",sample_mean5)\n",
        "\n",
        "#sample Covariances:\n",
        "\n",
        "#for i in labels:\n",
        "\n",
        "#X_1,X_2,X_3,X_4,X_5=[],[],[],[],[]\n",
        "sum_cov1,sum_cov2,sum_cov3,sum_cov4,sum_cov5=0,0,0,0,0\n",
        "for i in range(N):\n",
        "  if y_train[i]==1:\n",
        "    x_train_temp=reshape(x_train[i,:],[d,1])\n",
        "    sum_cov1=sum_cov1+(x_train_temp-sample_mean1) @ (x_train_temp-sample_mean1).T\n",
        "  elif y_train[i]==2:\n",
        "    x_train_temp=reshape(x_train[i,:],[d,1])\n",
        "    sum_cov2=sum_cov2+(x_train_temp-sample_mean2) @ (x_train_temp-sample_mean2).T\n",
        "  elif y_train[i]==3:\n",
        "    x_train_temp=reshape(x_train[i,:],[d,1])\n",
        "    sum_cov3=sum_cov3+(x_train_temp-sample_mean3) @ (x_train_temp-sample_mean3).T\n",
        "  elif y_train[i]==4:\n",
        "    x_train_temp=reshape(x_train[i,:],[d,1])\n",
        "    sum_cov4=sum_cov4+(x_train_temp-sample_mean4) @ (x_train_temp-sample_mean4).T\n",
        "  elif y_train[i]==5:\n",
        "    x_train_temp=reshape(x_train[i,:],[d,1])\n",
        "    sum_cov5=sum_cov5+(x_train_temp-sample_mean5) @ (x_train_temp-sample_mean5).T\n",
        "\n",
        "#X_1,X_2,X_3,X_4,X_5=array(X_1),array(X_2),array(X_3),array(X_4),array(X_5)\n",
        "\n",
        "cov1,cov2,cov3,cov4,cov5=sum_cov1/c1,sum_cov2/c2,sum_cov3/c3,sum_cov4/c4,sum_cov5/c5\n",
        "\n",
        "print(\"cov1=\",cov1,\"cov2=\",cov2,\"cov3=\",cov3,\"cov4=\",cov4,\"cov5=\",cov5)\n",
        "\n",
        "Cov=[cov1,cov2,cov3,cov4,cov5]\n",
        "Sample_Mean=[sample_mean1,sample_mean2,sample_mean3,sample_mean4,sample_mean5]\n",
        "inv_cov1,inv_cov2,inv_cov3,inv_cov4,inv_cov5=linalg.inv(cov1),linalg.inv(cov2),linalg.inv(cov3),linalg.inv(cov4),linalg.inv(cov5)\n",
        "\n",
        "Inv_Cov=[inv_cov1,inv_cov2,inv_cov3,inv_cov4,inv_cov5]\n",
        "\n",
        "print(\"inv_cov1=\",inv_cov1,\"inv_cov2=\",inv_cov2,\"inv_cov3=\",inv_cov3,\"inv_cov4=\",inv_cov4,\"inv_cov5=\",inv_cov5)"
      ],
      "metadata": {
        "colab": {
          "base_uri": "https://localhost:8080/"
        },
        "id": "9WB3k5_AM6Pa",
        "outputId": "3fed303c-91f0-4c06-dffa-591385aedf01"
      },
      "execution_count": 51,
      "outputs": [
        {
          "output_type": "stream",
          "name": "stdout",
          "text": [
            "Py1= 0.20048333333333335 Py2= 0.20031666666666667 Py3= 0.19933333333333333 Py4= 0.20041666666666666 Py5= 0.19945\n",
            "sample_mean1= [[ 2.02703067e-01]\n",
            " [ 1.20997361e+00]\n",
            " [ 1.81973642e-02]\n",
            " [-9.25991531e-03]\n",
            " [ 3.11968850e-04]\n",
            " [ 6.19575501e-03]\n",
            " [ 1.64881781e-03]\n",
            " [ 1.04556667e-02]\n",
            " [ 2.91771113e-03]\n",
            " [ 2.12628967e-02]] sample_mean2= [[-0.01203549]\n",
            " [ 0.00455116]\n",
            " [ 0.38711391]\n",
            " [ 1.3879444 ]\n",
            " [ 0.00198564]\n",
            " [-0.00270844]\n",
            " [-0.01274107]\n",
            " [ 0.01003309]\n",
            " [ 0.00749039]\n",
            " [ 0.01460596]] sample_mean3= [[ 1.84795188e-03]\n",
            " [ 5.90184114e-03]\n",
            " [ 6.19586158e-04]\n",
            " [-7.94198804e-04]\n",
            " [ 6.93527088e-01]\n",
            " [ 1.72214438e+00]\n",
            " [-6.32125397e-03]\n",
            " [-1.15878877e-02]\n",
            " [ 1.08096089e-02]\n",
            " [ 2.89131245e-02]] sample_mean4= [[-0.00606064]\n",
            " [ 0.00607819]\n",
            " [ 0.00196156]\n",
            " [-0.00261513]\n",
            " [-0.00774999]\n",
            " [-0.01452436]\n",
            " [ 0.51053608]\n",
            " [ 1.506788  ]\n",
            " [ 0.01470772]\n",
            " [ 0.00673117]] sample_mean5= [[-1.05010838e-03]\n",
            " [ 4.40087654e-03]\n",
            " [-6.95376780e-03]\n",
            " [ 1.07965509e-02]\n",
            " [-2.45678932e-03]\n",
            " [ 1.70886024e-02]\n",
            " [ 3.40232882e-03]\n",
            " [-1.68223114e-02]\n",
            " [ 3.92324971e-01]\n",
            " [ 1.39713297e+00]]\n",
            "cov1= [[ 2.36759500e+00  1.18392879e+00 -1.28365482e-02  6.66536575e-03\n",
            "  -2.06539424e-02 -2.95117943e-02  4.17361850e-03 -1.98253263e-03\n",
            "  -1.87639371e-02 -1.50809643e-02]\n",
            " [ 1.18392879e+00  2.39667879e+00 -1.06127541e-02 -7.15520071e-03\n",
            "  -6.45529295e-03 -1.45744219e-02  7.47295583e-03 -2.28001268e-02\n",
            "  -3.79157763e-02 -2.63615188e-02]\n",
            " [-1.28365482e-02 -1.06127541e-02  1.21735548e+00  2.75304221e-02\n",
            "   1.47021593e-02  7.16665253e-04 -3.59319606e-03  2.04760937e-02\n",
            "  -5.03535472e-03 -8.64859712e-03]\n",
            " [ 6.66536575e-03 -7.15520071e-03  2.75304221e-02  1.19307209e+00\n",
            "   8.18518196e-03  2.77391344e-03 -1.28294556e-02  5.76193872e-03\n",
            "   5.15781495e-03 -9.30218287e-03]\n",
            " [-2.06539424e-02 -6.45529295e-03  1.47021593e-02  8.18518196e-03\n",
            "   1.17053694e+00  7.22069400e-03  5.32630759e-03 -1.39356723e-02\n",
            "  -6.12251159e-03 -4.39582407e-03]\n",
            " [-2.95117943e-02 -1.45744219e-02  7.16665253e-04  2.77391344e-03\n",
            "   7.22069400e-03  1.19410778e+00 -2.57373286e-02 -7.65366136e-03\n",
            "  -9.24066125e-03 -1.19115083e-02]\n",
            " [ 4.17361850e-03  7.47295583e-03 -3.59319606e-03 -1.28294556e-02\n",
            "   5.32630759e-03 -2.57373286e-02  1.20290607e+00  1.28097844e-02\n",
            "  -1.94832366e-02  9.08909147e-03]\n",
            " [-1.98253263e-03 -2.28001268e-02  2.04760937e-02  5.76193872e-03\n",
            "  -1.39356723e-02 -7.65366136e-03  1.28097844e-02  1.18813304e+00\n",
            "  -3.42552366e-03  6.30103418e-03]\n",
            " [-1.87639371e-02 -3.79157763e-02 -5.03535472e-03  5.15781495e-03\n",
            "  -6.12251159e-03 -9.24066125e-03 -1.94832366e-02 -3.42552366e-03\n",
            "   1.17398878e+00  4.78795088e-03]\n",
            " [-1.50809643e-02 -2.63615188e-02 -8.64859712e-03 -9.30218287e-03\n",
            "  -4.39582407e-03 -1.19115083e-02  9.08909147e-03  6.30103418e-03\n",
            "   4.78795088e-03  1.18994891e+00]] cov2= [[ 1.22539597e+00  1.72705699e-02 -1.61809803e-02 -2.08950205e-02\n",
            "   1.31181633e-02  1.17357958e-03 -1.92935144e-03  6.82672460e-03\n",
            "  -1.07875176e-02 -1.45433216e-02]\n",
            " [ 1.72705699e-02  1.18742010e+00 -1.67068265e-02 -2.53151913e-02\n",
            "   2.27220930e-03 -1.45571635e-02 -1.18378844e-02  2.24104468e-02\n",
            "  -1.37756199e-02  1.43818927e-02]\n",
            " [-1.61809803e-02 -1.67068265e-02  2.16812086e+00  1.01244521e+00\n",
            "  -5.56150228e-03  1.97514508e-02 -2.04120657e-02  3.26723363e-03\n",
            "  -1.03385378e-02  9.05506508e-03]\n",
            " [-2.08950205e-02 -2.53151913e-02  1.01244521e+00  2.22980392e+00\n",
            "  -9.64007349e-03  1.81170222e-02 -1.33956615e-02 -1.99704596e-02\n",
            "   1.74510507e-02  6.65556866e-04]\n",
            " [ 1.31181633e-02  2.27220930e-03 -5.56150228e-03 -9.64007349e-03\n",
            "   1.18553221e+00 -1.07889272e-03 -8.18075692e-03 -1.01108426e-02\n",
            "   7.12337963e-03  4.47953390e-03]\n",
            " [ 1.17357958e-03 -1.45571635e-02  1.97514508e-02  1.81170222e-02\n",
            "  -1.07889272e-03  1.17999950e+00 -1.53591071e-02 -6.38025558e-03\n",
            "   4.03888531e-03  1.31851456e-03]\n",
            " [-1.92935144e-03 -1.18378844e-02 -2.04120657e-02 -1.33956615e-02\n",
            "  -8.18075692e-03 -1.53591071e-02  1.19982139e+00  7.70368344e-03\n",
            "   8.44396422e-03 -4.15152816e-03]\n",
            " [ 6.82672460e-03  2.24104468e-02  3.26723363e-03 -1.99704596e-02\n",
            "  -1.01108426e-02 -6.38025558e-03  7.70368344e-03  1.23304776e+00\n",
            "   1.55759022e-02 -3.44560786e-03]\n",
            " [-1.07875176e-02 -1.37756199e-02 -1.03385378e-02  1.74510507e-02\n",
            "   7.12337963e-03  4.03888531e-03  8.44396422e-03  1.55759022e-02\n",
            "   1.19161863e+00 -1.58783307e-02]\n",
            " [-1.45433216e-02  1.43818927e-02  9.05506508e-03  6.65556866e-04\n",
            "   4.47953390e-03  1.31851456e-03 -4.15152816e-03 -3.44560786e-03\n",
            "  -1.58783307e-02  1.23105088e+00]] cov3= [[ 1.18576691e+00  2.45494345e-02  2.26614398e-02  7.47859207e-03\n",
            "  -3.99847154e-03 -3.91953199e-04 -1.16933386e-02  1.88505482e-02\n",
            "   9.58006767e-03  1.20210951e-03]\n",
            " [ 2.45494345e-02  1.18517214e+00  1.68643911e-02 -6.12812909e-03\n",
            "   6.60567865e-03 -9.65404013e-03 -2.67225019e-02 -3.33286882e-04\n",
            "   1.55368340e-02 -4.28314396e-03]\n",
            " [ 2.26614398e-02  1.68643911e-02  1.21091553e+00  2.01309438e-02\n",
            "   4.50402713e-03 -1.59434081e-02 -8.64534285e-03 -1.36843541e-02\n",
            "   1.25447493e-02 -1.62687029e-03]\n",
            " [ 7.47859207e-03 -6.12812909e-03  2.01309438e-02  1.20574723e+00\n",
            "  -1.45415019e-02 -1.35335344e-03 -5.77731479e-03 -6.69816387e-03\n",
            "  -5.97566631e-03 -2.17344751e-02]\n",
            " [-3.99847154e-03  6.60567865e-03  4.50402713e-03 -1.45415019e-02\n",
            "   2.40478323e+00  1.22862354e+00  5.19208631e-03 -2.65149109e-03\n",
            "  -1.49751743e-03 -1.91360216e-03]\n",
            " [-3.91953199e-04 -9.65404013e-03 -1.59434081e-02 -1.35335344e-03\n",
            "   1.22862354e+00  2.41395146e+00  2.70530493e-03  1.85553881e-02\n",
            "   4.43870069e-03  6.62909502e-03]\n",
            " [-1.16933386e-02 -2.67225019e-02 -8.64534285e-03 -5.77731479e-03\n",
            "   5.19208631e-03  2.70530493e-03  1.19576826e+00  2.60469835e-03\n",
            "  -6.78892314e-03 -2.16784830e-03]\n",
            " [ 1.88505482e-02 -3.33286882e-04 -1.36843541e-02 -6.69816387e-03\n",
            "  -2.65149109e-03  1.85553881e-02  2.60469835e-03  1.18475961e+00\n",
            "  -2.15359795e-02 -6.07861583e-03]\n",
            " [ 9.58006767e-03  1.55368340e-02  1.25447493e-02 -5.97566631e-03\n",
            "  -1.49751743e-03  4.43870069e-03 -6.78892314e-03 -2.15359795e-02\n",
            "   1.21144727e+00 -1.43104598e-02]\n",
            " [ 1.20210951e-03 -4.28314396e-03 -1.62687029e-03 -2.17344751e-02\n",
            "  -1.91360216e-03  6.62909502e-03 -2.16784830e-03 -6.07861583e-03\n",
            "  -1.43104598e-02  1.20521649e+00]] cov4= [[ 1.19616568e+00  5.48202213e-03  1.66094024e-03  6.08150591e-03\n",
            "   4.33302428e-04 -2.52743777e-03  7.78437913e-03  8.42942196e-03\n",
            "  -1.80552531e-03 -8.76667557e-03]\n",
            " [ 5.48202213e-03  1.19442618e+00  1.70754753e-02 -8.76101435e-03\n",
            "  -5.42184212e-03  2.34421595e-02 -2.52957993e-02 -1.10552426e-02\n",
            "   1.24176453e-02 -8.00800205e-03]\n",
            " [ 1.66094024e-03  1.70754753e-02  1.19575963e+00  1.67204018e-03\n",
            "  -6.95465279e-03  1.19023547e-03  1.40406263e-02  2.46819736e-02\n",
            "  -4.54642089e-03  2.53672697e-03]\n",
            " [ 6.08150591e-03 -8.76101435e-03  1.67204018e-03  1.21788521e+00\n",
            "   2.05965725e-02  2.28392242e-02 -8.28344402e-03 -1.05189655e-02\n",
            "  -3.07621370e-03  1.53858749e-03]\n",
            " [ 4.33302428e-04 -5.42184212e-03 -6.95465279e-03  2.05965725e-02\n",
            "   1.19766732e+00 -7.51970509e-03  1.09934488e-02  6.69839107e-03\n",
            "   1.68229068e-04  1.82008930e-02]\n",
            " [-2.52743777e-03  2.34421595e-02  1.19023547e-03  2.28392242e-02\n",
            "  -7.51970509e-03  1.21603014e+00 -3.20124231e-03 -2.22505291e-02\n",
            "  -2.93533337e-03 -1.16332587e-02]\n",
            " [ 7.78437913e-03 -2.52957993e-02  1.40406263e-02 -8.28344402e-03\n",
            "   1.09934488e-02 -3.20124231e-03  2.48168178e+00  1.28283671e+00\n",
            "   7.86872079e-03  4.64786214e-03]\n",
            " [ 8.42942196e-03 -1.10552426e-02  2.46819736e-02 -1.05189655e-02\n",
            "   6.69839107e-03 -2.22505291e-02  1.28283671e+00  2.44793812e+00\n",
            "  -9.69006762e-03  1.32056897e-02]\n",
            " [-1.80552531e-03  1.24176453e-02 -4.54642089e-03 -3.07621370e-03\n",
            "   1.68229068e-04 -2.93533337e-03  7.86872079e-03 -9.69006762e-03\n",
            "   1.18466896e+00  9.15524494e-03]\n",
            " [-8.76667557e-03 -8.00800205e-03  2.53672697e-03  1.53858749e-03\n",
            "   1.82008930e-02 -1.16332587e-02  4.64786214e-03  1.32056897e-02\n",
            "   9.15524494e-03  1.18876840e+00]] cov5= [[ 1.19423971e+00  2.49629007e-03 -5.34307846e-03  2.28083950e-03\n",
            "   1.37372271e-02 -5.37901691e-03 -1.20658599e-02 -2.29462117e-02\n",
            "   6.84016637e-03 -1.05259293e-02]\n",
            " [ 2.49629007e-03  1.20742795e+00  1.83119961e-02 -1.53930012e-02\n",
            "  -1.34924499e-02  8.28343730e-03 -9.28665330e-03 -2.05817280e-02\n",
            "   4.24997939e-03 -5.35742701e-03]\n",
            " [-5.34307846e-03  1.83119961e-02  1.20437220e+00  4.30576437e-03\n",
            "   1.17846777e-02 -2.16108600e-02 -8.57287347e-04  3.94918361e-03\n",
            "   3.59172585e-03  3.58815967e-04]\n",
            " [ 2.28083950e-03 -1.53930012e-02  4.30576437e-03  1.22661320e+00\n",
            "   7.00115604e-03 -2.11325472e-02  2.29483715e-02  2.40250502e-02\n",
            "   4.23842140e-03 -1.07093212e-02]\n",
            " [ 1.37372271e-02 -1.34924499e-02  1.17846777e-02  7.00115604e-03\n",
            "   1.19953280e+00  1.25496491e-02  8.92225612e-03 -8.60303276e-03\n",
            "   2.89846037e-03  5.78924322e-03]\n",
            " [-5.37901691e-03  8.28343730e-03 -2.16108600e-02 -2.11325472e-02\n",
            "   1.25496491e-02  1.21329732e+00  1.19210813e-02  1.15779896e-02\n",
            "  -2.08513197e-02  1.36137298e-02]\n",
            " [-1.20658599e-02 -9.28665330e-03 -8.57287347e-04  2.29483715e-02\n",
            "   8.92225612e-03  1.19210813e-02  1.18646247e+00  1.06030698e-02\n",
            "   1.23201617e-02  2.39130942e-02]\n",
            " [-2.29462117e-02 -2.05817280e-02  3.94918361e-03  2.40250502e-02\n",
            "  -8.60303276e-03  1.15779896e-02  1.06030698e-02  1.18185774e+00\n",
            "   4.95540326e-03  5.09228923e-03]\n",
            " [ 6.84016637e-03  4.24997939e-03  3.59172585e-03  4.23842140e-03\n",
            "   2.89846037e-03 -2.08513197e-02  1.23201617e-02  4.95540326e-03\n",
            "   2.22657009e+00  1.02291529e+00]\n",
            " [-1.05259293e-02 -5.35742701e-03  3.58815967e-04 -1.07093212e-02\n",
            "   5.78924322e-03  1.36137298e-02  2.39130942e-02  5.09228923e-03\n",
            "   1.02291529e+00  2.24246150e+00]]\n",
            "inv_cov1= [[ 5.61209773e-01 -2.77169210e-01  3.58732150e-03 -4.93309893e-03\n",
            "   8.25351684e-03  1.04307020e-02 -4.09819834e-05 -4.26131610e-03\n",
            "   1.62780000e-04  1.11693042e-03]\n",
            " [-2.77169210e-01  5.54592461e-01  1.76419879e-03  4.78051283e-03\n",
            "  -1.65416647e-03  1.21314235e-04 -2.37402520e-03  1.01258436e-02\n",
            "   1.34148430e-02  8.72925385e-03]\n",
            " [ 3.58732150e-03  1.76419879e-03  8.22358269e-01 -1.87894049e-02\n",
            "  -1.02621454e-02 -2.28962398e-04  2.43883935e-03 -1.42104346e-02\n",
            "   3.64360069e-03  5.91635523e-03]\n",
            " [-4.93309893e-03  4.78051283e-03 -1.87894049e-02  8.38884640e-01\n",
            "  -5.76101703e-03 -1.76565425e-03  8.80032108e-03 -3.87909958e-03\n",
            "  -3.62589468e-03  6.39358713e-03]\n",
            " [ 8.25351684e-03 -1.65416647e-03 -1.02621454e-02 -5.76101703e-03\n",
            "   8.54819516e-01 -4.92335134e-03 -4.06072718e-03  1.02218853e-02\n",
            "   4.42917063e-03  3.01593313e-03]\n",
            " [ 1.04307020e-02  1.21314235e-04 -2.28962398e-04 -1.76565425e-03\n",
            "  -4.92335134e-03  8.38294631e-01  1.78976508e-02  5.15786506e-03\n",
            "   7.02831175e-03  8.30034391e-03]\n",
            " [-4.09819834e-05 -2.37402520e-03  2.43883935e-03  8.80032108e-03\n",
            "  -4.06072718e-03  1.78976508e-02  8.32203005e-01 -8.96245340e-03\n",
            "   1.38242099e-02 -6.16715099e-03]\n",
            " [-4.26131610e-03  1.01258436e-02 -1.42104346e-02 -3.87909958e-03\n",
            "   1.02218853e-02  5.15786506e-03 -8.96245340e-03  8.42387529e-01\n",
            "   2.63558417e-03 -4.27666772e-03]\n",
            " [ 1.62780000e-04  1.34148430e-02  3.64360069e-03 -3.62589468e-03\n",
            "   4.42917063e-03  7.02831175e-03  1.38242099e-02  2.63558417e-03\n",
            "   8.52592757e-01 -3.16599071e-03]\n",
            " [ 1.11693042e-03  8.72925385e-03  5.91635523e-03  6.39358713e-03\n",
            "   3.01593313e-03  8.30034391e-03 -6.16715099e-03 -4.27666772e-03\n",
            "  -3.16599071e-03  8.40849454e-01]] inv_cov2= [[ 8.16677859e-01 -1.16413951e-02  3.23672114e-03  5.92846748e-03\n",
            "  -9.06276137e-03 -1.15319001e-03  1.25302557e-03 -4.37694582e-03\n",
            "   7.43798206e-03  9.87913713e-03]\n",
            " [-1.16413951e-02  8.43273258e-01  2.79195584e-03  7.94995603e-03\n",
            "  -1.49163458e-03  1.02516062e-02  8.55551385e-03 -1.53012918e-02\n",
            "   9.53250105e-03 -9.91057428e-03]\n",
            " [ 3.23672114e-03  2.79195584e-03  5.85615669e-01 -2.65872080e-01\n",
            "   4.95503653e-04 -5.65804302e-03  6.91995283e-03 -6.12022355e-03\n",
            "   9.02951924e-03 -4.03123968e-03]\n",
            " [ 5.92846748e-03  7.94995603e-03 -2.65872080e-01  5.69566196e-01\n",
            "   3.45525283e-03 -4.08610822e-03  1.91168126e-03  9.88565394e-03\n",
            "  -1.06317436e-02  1.51365661e-03]\n",
            " [-9.06276137e-03 -1.49163458e-03  4.95503653e-04  3.45525283e-03\n",
            "   8.43781805e-01  8.35979324e-04  5.76286120e-03  7.07804636e-03\n",
            "  -5.36841567e-03 -3.19638833e-03]\n",
            " [-1.15319001e-03  1.02516062e-02 -5.65804302e-03 -4.08610822e-03\n",
            "   8.35979324e-04  8.47917861e-01  1.08079425e-02  4.12956986e-03\n",
            "  -2.90387489e-03 -9.90212848e-04]\n",
            " [ 1.25302557e-03  8.55551385e-03  6.91995283e-03  1.91168126e-03\n",
            "   5.76286120e-03  1.08079425e-02  8.33942982e-01 -5.17723221e-03\n",
            "  -5.73651224e-03  2.55423493e-03]\n",
            " [-4.37694582e-03 -1.53012918e-02 -6.12022355e-03  9.88565394e-03\n",
            "   7.07804636e-03  4.12956986e-03 -5.17723221e-03  8.11734423e-01\n",
            "  -1.10143949e-02  2.24899672e-03]\n",
            " [ 7.43798206e-03  9.53250105e-03  9.02951924e-03 -1.06317436e-02\n",
            "  -5.36841567e-03 -2.90387489e-03 -5.73651224e-03 -1.10143949e-02\n",
            "   8.39975676e-01  1.07224751e-02]\n",
            " [ 9.87913713e-03 -9.91057428e-03 -4.03123968e-03  1.51365661e-03\n",
            "  -3.19638833e-03 -9.90212848e-04  2.55423493e-03  2.24899672e-03\n",
            "   1.07224751e-02  8.12741333e-01]] inv_cov3= [[ 8.44373518e-01 -1.70613848e-02 -1.55315630e-02 -5.13563703e-03\n",
            "   1.85591653e-03 -8.68842791e-04  7.72343500e-03 -1.37717625e-02\n",
            "  -6.53250352e-03 -1.14181646e-03]\n",
            " [-1.70613848e-02  8.44942779e-01 -1.11788207e-02  4.61911487e-03\n",
            "  -5.44354272e-03  6.06532875e-03  1.86128166e-02  8.32415493e-05\n",
            "  -1.04511936e-02  2.95581643e-03]\n",
            " [-1.55315630e-02 -1.11788207e-02  8.26859773e-01 -1.37760158e-02\n",
            "  -5.89434244e-03  8.34076278e-03  5.45093635e-03  9.41565357e-03\n",
            "  -8.19511760e-03  7.48225056e-04]\n",
            " [-5.13563703e-03  4.61911487e-03 -1.37760158e-02  8.30062947e-01\n",
            "   6.59736282e-03 -3.05716531e-03  3.98460876e-03  4.83026094e-03\n",
            "   4.52419305e-03  1.50845614e-02]\n",
            " [ 1.85591653e-03 -5.44354272e-03 -5.89434244e-03  6.59736282e-03\n",
            "   5.62157723e-01 -2.86229673e-01 -1.90392060e-03  5.73329174e-03\n",
            "   2.01439478e-03  2.60616605e-03]\n",
            " [-8.68842791e-04  6.06532875e-03  8.34076278e-03 -3.05716531e-03\n",
            "  -2.86229673e-01  5.60104823e-01  1.46255127e-04 -9.38785842e-03\n",
            "  -2.78742171e-03 -3.63686414e-03]\n",
            " [ 7.72343500e-03  1.86128166e-02  5.45093635e-03  3.98460876e-03\n",
            "  -1.90392060e-03  1.46255127e-04  8.36872100e-01 -1.79109245e-03\n",
            "   4.33837001e-03  1.68160981e-03]\n",
            " [-1.37717625e-02  8.32415493e-05  9.41565357e-03  4.83026094e-03\n",
            "   5.73329174e-03 -9.38785842e-03 -1.79109245e-03  8.44870950e-01\n",
            "   1.51394224e-02  4.61231026e-03]\n",
            " [-6.53250352e-03 -1.04511936e-02 -8.19511760e-03  4.52419305e-03\n",
            "   2.01439478e-03 -2.78742171e-03  4.33837001e-03  1.51394224e-02\n",
            "   8.26175548e-01  9.95240601e-03]\n",
            " [-1.14181646e-03  2.95581643e-03  7.48225056e-04  1.50845614e-02\n",
            "   2.60616605e-03 -3.63686414e-03  1.68160981e-03  4.61231026e-03\n",
            "   9.95240601e-03  8.30179733e-01]] inv_cov4= [[ 8.36122185e-01 -3.91756199e-03 -1.04990569e-03 -4.26606604e-03\n",
            "  -3.08830907e-04  1.91271470e-03 -1.61281350e-03 -2.06962800e-03\n",
            "   1.25099631e-03  6.19053558e-03]\n",
            " [-3.91756199e-03  8.38107080e-01 -1.20670842e-02  6.33605296e-03\n",
            "   3.35455378e-03 -1.62163896e-02  9.19071847e-03 -1.09058462e-03\n",
            "  -8.97372134e-03  5.46970931e-03]\n",
            " [-1.04990569e-03 -1.20670842e-02  8.36685718e-01 -1.36438248e-03\n",
            "   4.90332642e-03 -6.93249575e-04 -6.84556738e-04 -8.13065144e-03\n",
            "   3.28251357e-03 -1.88681893e-03]\n",
            " [-4.26606604e-03  6.33605296e-03 -1.36438248e-03  8.21737270e-01\n",
            "  -1.42204474e-02 -1.56023734e-02  1.45135923e-03  2.73830200e-03\n",
            "   2.03976783e-03 -1.03617894e-03]\n",
            " [-3.08830907e-04  3.35455378e-03  4.90332642e-03 -1.42204474e-02\n",
            "   8.35504878e-01  5.22483769e-03 -3.48350198e-03 -4.39231176e-04\n",
            "  -4.17960725e-05 -1.26939632e-02]\n",
            " [ 1.91271470e-03 -1.62163896e-02 -6.93249575e-04 -1.56023734e-02\n",
            "   5.22483769e-03  8.23232440e-01 -4.07811465e-03  9.43242177e-03\n",
            "   2.21274156e-03  7.79679657e-03]\n",
            " [-1.61281350e-03  9.19071847e-03 -6.84556738e-04  1.45135923e-03\n",
            "  -3.48350198e-03 -4.07811465e-03  5.52848832e-01 -2.89717253e-01\n",
            "  -6.15813474e-03  1.16730481e-03]\n",
            " [-2.06962800e-03 -1.09058462e-03 -8.13065144e-03  2.73830200e-03\n",
            "  -4.39231176e-04  9.43242177e-03 -2.89717253e-01  5.60568868e-01\n",
            "   6.55622547e-03 -5.05472501e-03]\n",
            " [ 1.25099631e-03 -8.97372134e-03  3.28251357e-03  2.03976783e-03\n",
            "  -4.17960725e-05  2.21274156e-03 -6.15813474e-03  6.55622547e-03\n",
            "   8.44382479e-01 -6.59030249e-03]\n",
            " [ 6.19053558e-03  5.46970931e-03 -1.88681893e-03 -1.03617894e-03\n",
            "  -1.26939632e-02  7.79679657e-03  1.16730481e-03 -5.05472501e-03\n",
            "  -6.59030249e-03  8.41667612e-01]] inv_cov5= [[ 8.37984329e-01 -1.56061129e-03  3.87227432e-03 -1.87425555e-03\n",
            "  -9.64164988e-03  3.46052872e-03  8.37280733e-03  1.60844723e-02\n",
            "  -5.51108044e-03  6.31212200e-03]\n",
            " [-1.56061129e-03  8.28998312e-01 -1.28837540e-02  9.93851533e-03\n",
            "   9.52375101e-03 -6.11326569e-03  6.09799207e-03  1.43209836e-02\n",
            "  -3.29081073e-03  3.43885053e-03]\n",
            " [ 3.87227432e-03 -1.28837540e-02  8.30896746e-01 -2.72125619e-03\n",
            "  -8.51747682e-03  1.49421047e-02  5.39139005e-04 -3.07955833e-03\n",
            "  -1.34575369e-03  3.87844873e-04]\n",
            " [-1.87425555e-03  9.93851533e-03 -2.72125619e-03  8.16347736e-01\n",
            "  -4.77415069e-03  1.43212997e-02 -1.57702958e-02 -1.64912056e-02\n",
            "  -3.99378941e-03  5.86681127e-03]\n",
            " [-9.64164988e-03  9.52375101e-03 -8.51747682e-03 -4.77415069e-03\n",
            "   8.34181800e-01 -8.95192648e-03 -6.13462171e-03  6.32856605e-03\n",
            "  -1.95418919e-04 -2.00296886e-03]\n",
            " [ 3.46052872e-03 -6.11326569e-03  1.49421047e-02  1.43212997e-02\n",
            "  -8.95192648e-03  8.25363529e-01 -8.34684097e-03 -8.46357883e-03\n",
            "   1.26085570e-02 -1.05631937e-02]\n",
            " [ 8.37280733e-03  6.09799207e-03  5.39139005e-04 -1.57702958e-02\n",
            "  -6.13462171e-03 -8.34684097e-03  8.43652696e-01 -6.90393768e-03\n",
            "  -7.91859897e-04 -8.57464845e-03]\n",
            " [ 1.60844723e-02  1.43209836e-02 -3.07955833e-03 -1.64912056e-02\n",
            "   6.32856605e-03 -8.46357883e-03 -6.90393768e-03  8.47234595e-01\n",
            "  -1.46217798e-03 -1.11684352e-03]\n",
            " [-5.51108044e-03 -3.29081073e-03 -1.34575369e-03 -3.99378941e-03\n",
            "  -1.95418919e-04  1.26085570e-02 -7.91859897e-04 -1.46217798e-03\n",
            "   5.68463824e-01 -2.59425814e-01]\n",
            " [ 6.31212200e-03  3.43885053e-03  3.87844873e-04  5.86681127e-03\n",
            "  -2.00296886e-03 -1.05631937e-02 -8.57464845e-03 -1.11684352e-03\n",
            "  -2.59425814e-01  5.64506602e-01]]\n"
          ]
        }
      ]
    },
    {
      "cell_type": "code",
      "source": [
        "#Class Conditional Densities--->Normal Densities\n",
        "\n",
        "def multivariate_Gaussian_distribution(x,class_label,sample_mean,covariance,covariance_inverse):\n",
        "\n",
        "  #print(shape(x))\n",
        "  d=shape(x)[0]\n",
        "  \n",
        "  \n",
        "  constant=((2*pi)**d/2)*(linalg.det(covariance)**(1/2))\n",
        "  #covariance_inverse=linalg.inv(covariance)\n",
        "  #if class_label==1:\n",
        "  #print((x-sample_mean).shape,covariance_inverse.shape)\n",
        "  \n",
        "  #f_xgiveny=(1/constant)*exp((-dot((x-sample_mean),matmul(covariance_inverse,(x-sample_mean))))/2)\n",
        "  f_xgiveny=(1/constant)*exp(-(1/2)*(x-sample_mean).T@covariance_inverse@(x-sample_mean))\n",
        "  # #if class_label==2\n",
        "\n",
        "  return f_xgiveny\n",
        "\n",
        "fxy_mat_train=zeros((N,len(labels)))\n",
        "\n",
        "for i in (labels):\n",
        "  for j in range(N):\n",
        "    x_train_temp=reshape(x_train[j,:],[d,1])\n",
        "    fxy_mat_train[j,i-1]=multivariate_Gaussian_distribution(x_train_temp,i,Sample_Mean[i-1],Cov[i-1],Inv_Cov[i-1])\n",
        "\n",
        "fyx_mat_train=zeros((N,len(labels)))\n",
        "\n",
        "for i in (labels):\n",
        "  for j in range(N):\n",
        "    fyx_mat_train[j,i-1]=fxy_mat_train[j,i-1]*Py[i-1]\n",
        "\n",
        "print(\"fxy_mat_train\",fxy_mat_train)\n",
        "\n",
        "#Y_predictions:\n",
        "\n",
        "Y_pred=[]\n",
        "\n",
        "for j in range(N):\n",
        "  #for i in labels:\n",
        "  max_temp=max(fyx_mat_train[j,:])\n",
        "  index_m=where(fyx_mat_train[j,:]==max_temp)\n",
        "  Y_pred.append(array(index_m)+1)\n",
        "\n",
        "Y_pred=array(Y_pred)\n",
        "\n",
        "Y_pred\n"
      ],
      "metadata": {
        "id": "vGllzH27Nme_",
        "colab": {
          "base_uri": "https://localhost:8080/"
        },
        "outputId": "11ddf681-373d-462f-b9cc-16ffa689a0f9"
      },
      "execution_count": 54,
      "outputs": [
        {
          "output_type": "stream",
          "name": "stdout",
          "text": [
            "fxy_mat_train [[1.85746025e-10 1.32099264e-10 1.50302870e-10 1.84908948e-10\n",
            "  4.81907969e-10]\n",
            " [3.37682252e-11 8.37942227e-13 4.81677495e-12 1.00913527e-11\n",
            "  2.23534847e-12]\n",
            " [7.41400570e-10 8.23318285e-10 6.49695858e-10 1.78825519e-09\n",
            "  3.31744205e-10]\n",
            " ...\n",
            " [4.05020122e-12 3.52790274e-12 2.86110672e-11 1.81460282e-12\n",
            "  1.05146478e-11]\n",
            " [1.98075065e-10 9.06557564e-10 1.90784407e-10 1.61698156e-10\n",
            "  1.17436059e-10]\n",
            " [2.04254302e-12 1.08106681e-12 1.51797436e-12 7.00616656e-11\n",
            "  7.89422769e-13]]\n"
          ]
        },
        {
          "output_type": "execute_result",
          "data": {
            "text/plain": [
              "array([[[5]],\n",
              "\n",
              "       [[1]],\n",
              "\n",
              "       [[4]],\n",
              "\n",
              "       ...,\n",
              "\n",
              "       [[3]],\n",
              "\n",
              "       [[2]],\n",
              "\n",
              "       [[4]]])"
            ]
          },
          "metadata": {},
          "execution_count": 54
        }
      ]
    },
    {
      "cell_type": "code",
      "source": [
        "c=0\n",
        "for i in range(N):\n",
        "  if Y_pred[i]-y_train[i]==0:\n",
        "    c=c+1\n",
        "\n",
        "accuracy_train=(c/N)*100\n",
        "print(\"accuracy_train=\",accuracy_train)\n"
      ],
      "metadata": {
        "id": "G4zf5f47_yKd",
        "outputId": "1e574550-f3e9-4bf2-f5e0-81d866ca78f5",
        "colab": {
          "base_uri": "https://localhost:8080/"
        }
      },
      "execution_count": 55,
      "outputs": [
        {
          "output_type": "stream",
          "name": "stdout",
          "text": [
            "accuracy_train= 59.38\n"
          ]
        }
      ]
    },
    {
      "cell_type": "code",
      "source": [
        "#testing the data\n",
        "\n",
        "\n",
        "fxy_mat_test=zeros((S,len(labels)))\n",
        "\n",
        "for i in (labels):\n",
        "  for j in range(S):\n",
        "    x_train_temp=reshape(x_train[j,:],[d,1])\n",
        "    fxy_mat_test[j,i-1]=multivariate_Gaussian_distribution(x_train_temp,i,Sample_Mean[i-1],Cov[i-1],Inv_Cov[i-1])\n",
        "\n",
        "fyx_mat_test=zeros((N,len(labels)))\n",
        "\n",
        "for i in (labels):\n",
        "  for j in range(S):\n",
        "    fyx_mat_test[j,i-1]=fxy_mat_train[j,i-1]*Py[i-1]\n",
        "\n",
        "\n",
        "\n",
        "print(\"fxy_mat_test\",fxy_mat_test)\n",
        "\n",
        "#Y_predictions:\n",
        "\n",
        "Y_pred=[]\n",
        "\n",
        "for j in range(S):\n",
        "  #for i in labels:\n",
        "  max_temp=max(fyx_mat_test[j,:])\n",
        "  index_m=where(fyx_mat_test[j,:]==max_temp)\n",
        "  Y_pred.append(array(index_m)+1)\n",
        "\n",
        "Y_pred=array(Y_pred)\n",
        "\n",
        "Y_pred"
      ],
      "metadata": {
        "id": "Lx0Rq6pbAunC",
        "outputId": "2b0dd1ed-c2c6-4a2f-97b2-29a9cec22c0a",
        "colab": {
          "base_uri": "https://localhost:8080/"
        }
      },
      "execution_count": 56,
      "outputs": [
        {
          "output_type": "stream",
          "name": "stdout",
          "text": [
            "fxy_mat_test [[1.85746025e-10 1.32099264e-10 1.50302870e-10 1.84908948e-10\n",
            "  4.81907969e-10]\n",
            " [3.37682252e-11 8.37942227e-13 4.81677495e-12 1.00913527e-11\n",
            "  2.23534847e-12]\n",
            " [7.41400570e-10 8.23318285e-10 6.49695858e-10 1.78825519e-09\n",
            "  3.31744205e-10]\n",
            " ...\n",
            " [7.30643690e-12 2.91264148e-12 2.32658479e-12 2.88944522e-12\n",
            "  4.47680692e-12]\n",
            " [2.80174038e-14 1.39674891e-14 1.15964249e-14 5.76909186e-11\n",
            "  2.04975072e-14]\n",
            " [4.21228671e-12 4.99500954e-13 3.89769033e-13 1.05020516e-11\n",
            "  4.42518017e-13]]\n"
          ]
        },
        {
          "output_type": "execute_result",
          "data": {
            "text/plain": [
              "array([[[5]],\n",
              "\n",
              "       [[1]],\n",
              "\n",
              "       [[4]],\n",
              "\n",
              "       ...,\n",
              "\n",
              "       [[1]],\n",
              "\n",
              "       [[4]],\n",
              "\n",
              "       [[4]]])"
            ]
          },
          "metadata": {},
          "execution_count": 56
        }
      ]
    },
    {
      "cell_type": "code",
      "source": [
        "c=0\n",
        "for i in range(S):\n",
        "  if Y_pred[i]-y_test[i]==0:\n",
        "    c=c+1\n",
        "\n",
        "accuracy_test=(c/S)*100\n",
        "print(\"accuracy_test=\",accuracy_test)\n"
      ],
      "metadata": {
        "id": "W69TvefIDT7F",
        "outputId": "580957d8-7864-4b59-8958-95c93ca84ba2",
        "colab": {
          "base_uri": "https://localhost:8080/"
        }
      },
      "execution_count": 57,
      "outputs": [
        {
          "output_type": "stream",
          "name": "stdout",
          "text": [
            "accuracy_test= 20.02\n"
          ]
        }
      ]
    }
  ]
}
